     0/299     14.5G   0.06864    0.1727    0.0376    0.2789       161       640    0.1713    0.2778    0.1653   0.05662   0.07659   0.02031   0.03226
     1/299     20.7G   0.04119   0.01755   0.01745   0.07618       144       640    0.8452    0.6811    0.7493    0.3413   0.05268   0.02285   0.01557
     2/299     20.7G    0.0343   0.01647  0.004862   0.05563       339       640    0.8585    0.7794    0.8382    0.4409   0.04945   0.02278   0.01206
     3/299     20.7G   0.03249   0.01608  0.003039   0.05161       206       640    0.8419    0.7477    0.8065    0.4588   0.04869   0.02447    0.0121
     4/299     20.7G   0.03206   0.01645  0.002721   0.05123       121       640    0.8481    0.7381    0.8033    0.4582   0.04793   0.02424   0.01203
     5/299     20.8G   0.03091   0.01665  0.002553   0.05012       272       640    0.8541    0.7417    0.8207     0.479   0.04469   0.02464   0.01253
     6/299     20.8G   0.02978   0.01622  0.002339   0.04834       264       640     0.846     0.788     0.838    0.5088   0.04317   0.02489   0.01221
     7/299     20.8G   0.02881   0.01598  0.002116    0.0469       137       640    0.8616    0.7721    0.8416    0.4759    0.0452   0.02482   0.01288
     8/299     20.8G   0.02805   0.01575  0.002003   0.04581       147       640    0.8711    0.7866    0.8496    0.5368   0.04056   0.02485    0.0122
     9/299     20.8G   0.02779   0.01575  0.001909   0.04545       190       640    0.8727    0.7997    0.8586    0.5342   0.04096   0.02471   0.01296
    10/299     20.8G   0.02738   0.01561  0.001898   0.04489        85       640    0.8827    0.7987    0.8635    0.5275   0.04096   0.02469   0.01261
    11/299     20.8G   0.02729   0.01559  0.001865   0.04475       260       640    0.8722     0.828    0.8756    0.5389   0.04136   0.02487    0.0126
    12/299     20.8G   0.02688    0.0154  0.001814    0.0441       184       640    0.8773    0.8308    0.8755    0.5607   0.03862   0.02468   0.01274
    13/299     20.8G   0.02644   0.01538  0.001746   0.04357       114       640    0.8648     0.816    0.8662    0.5521   0.03919   0.02608   0.01282
    14/299     20.8G   0.02627   0.01537  0.001698   0.04333       149       640    0.8718    0.8339    0.8782    0.5632   0.03895   0.02474   0.01317
    15/299     20.8G   0.02606   0.01506  0.001653   0.04277       249       640    0.8864    0.8207    0.8789    0.5707   0.03753    0.0256   0.01241
    16/299     20.8G   0.02591   0.01522  0.001683   0.04282       182       640    0.8909    0.8376    0.8906     0.588    0.0369   0.02469   0.01251
    17/299     20.8G   0.02567   0.01505  0.001564   0.04228       217       640    0.8981    0.8358    0.8908    0.5803   0.03791   0.02502   0.01295
    18/299     20.8G   0.02561   0.01497  0.001597   0.04218       172       640    0.8818    0.8427    0.8893    0.5856   0.03761   0.02448   0.01306
    19/299     20.8G   0.02539   0.01477  0.001596   0.04176       218       640    0.8807     0.837    0.8899    0.5958   0.03674   0.02439   0.01364
    20/299     20.8G   0.02512   0.01492  0.001603   0.04164       310       640    0.8891    0.8478    0.8933    0.5909    0.0366   0.02478   0.01275
    21/299     20.8G   0.02523   0.01469  0.001554   0.04147       207       640    0.8963    0.8375    0.8928    0.6043   0.03571   0.02475   0.01277
    22/299     20.8G     0.025   0.01474  0.001553   0.04129       255       640    0.8825    0.8516    0.8933    0.6028   0.03644    0.0248   0.01284
    23/299     20.8G   0.02498   0.01456  0.001533   0.04108       150       640    0.8988    0.8419    0.8952    0.6038   0.03608   0.02484   0.01249
    24/299     20.8G   0.02483   0.01457  0.001447   0.04085       148       640    0.8999    0.8453    0.8993    0.6053   0.03633   0.02466   0.01317
    25/299     20.8G   0.02463   0.01457  0.001484   0.04068       190       640    0.8951    0.8595    0.9038    0.5932   0.03671   0.02523   0.01296
    26/299     20.8G   0.02452    0.0145   0.00145   0.04047       286       640    0.9056    0.8483     0.901     0.622   0.03521   0.02472   0.01283
    27/299     20.8G   0.02444   0.01451  0.001492   0.04044       206       640    0.9017     0.843    0.9019     0.617   0.03522   0.02525   0.01245
    28/299     20.8G   0.02447   0.01448  0.001495   0.04044       147       640    0.8926    0.8559    0.9013    0.6219   0.03464   0.02506   0.01243
    29/299     20.8G   0.02441   0.01441  0.001484    0.0403       287       640    0.8966    0.8527    0.9041    0.6201   0.03492   0.02515   0.01234
    30/299     20.8G   0.02427   0.01428  0.001478   0.04002       134       640     0.893    0.8611    0.9051    0.6186   0.03531   0.02485   0.01267
    31/299     20.8G   0.02425    0.0143  0.001459      0.04       202       640    0.8978    0.8563    0.9073    0.6256   0.03515    0.0253   0.01261
    32/299     20.8G   0.02422   0.01423  0.001449   0.03989       229       640     0.891    0.8673    0.9097      0.63   0.03495   0.02524   0.01315
    33/299     20.8G   0.02413   0.01425  0.001428   0.03981       224       640    0.8929    0.8697    0.9091    0.6315   0.03444   0.02514   0.01303
    34/299     20.8G   0.02405   0.01408  0.001407   0.03953       188       640    0.8941     0.871    0.9106    0.6294   0.03492   0.02545   0.01296
    35/299     20.8G   0.02382   0.01413  0.001391   0.03934       320       640    0.8859    0.8726     0.911    0.6322   0.03458    0.0256    0.0128
    36/299     20.8G   0.02389    0.0141  0.001382   0.03937       189       640    0.8989    0.8711     0.913    0.6333   0.03506   0.02527   0.01297
    37/299     20.8G   0.02398   0.01406  0.001421   0.03947       157       640    0.9015    0.8678    0.9135    0.6354   0.03438   0.02565   0.01261
    38/299     20.8G   0.02367   0.01393  0.001356   0.03895       159       640    0.8965    0.8777    0.9143    0.6382   0.03438   0.02551   0.01276
    39/299     20.8G   0.02378   0.01398  0.001354   0.03911       103       640    0.9049    0.8705    0.9126     0.638   0.03398   0.02575   0.01274
    40/299     20.8G   0.02381    0.0139    0.0014   0.03911       217       640    0.9085    0.8716    0.9158    0.6402    0.0341   0.02565   0.01281
    41/299     20.8G    0.0237   0.01394  0.001378   0.03902       257       640     0.901    0.8694    0.9142    0.6414   0.03427   0.02563   0.01291
    42/299     20.8G   0.02335   0.01389  0.001319   0.03856       206       640    0.9048    0.8656    0.9145    0.6445   0.03427   0.02544   0.01309
    43/299     20.8G   0.02361   0.01407  0.001343   0.03902       288       640    0.8924    0.8814    0.9156    0.6384   0.03445    0.0258   0.01328
    44/299     20.8G   0.02358   0.01405  0.001369   0.03899       194       640    0.8993    0.8767    0.9186    0.6462   0.03382   0.02598   0.01292
    45/299     20.8G   0.02333    0.0138  0.001345   0.03847       151       640    0.8999    0.8772    0.9181    0.6484    0.0341   0.02568   0.01283
    46/299     20.8G   0.02329   0.01387  0.001356   0.03851       245       640    0.9158    0.8648    0.9184    0.6495   0.03366     0.026   0.01261
    47/299     20.8G   0.02351    0.0138  0.001358   0.03866       142       640    0.9015    0.8816    0.9199     0.651   0.03391   0.02579    0.0132
    48/299     20.8G   0.02323   0.01377  0.001329   0.03833       194       640    0.8982    0.8819     0.921    0.6503   0.03373   0.02586   0.01297
    49/299     20.8G   0.02328   0.01384  0.001328   0.03844       252       640    0.9052     0.875    0.9215    0.6532   0.03368   0.02569   0.01329
    50/299     20.8G   0.02324   0.01385  0.001358   0.03845       200       640    0.9061    0.8807    0.9211    0.6527   0.03361   0.02604    0.0132
    51/299     20.8G   0.02326   0.01363  0.001319   0.03821       301       640    0.9041    0.8868    0.9221    0.6535   0.03366   0.02605   0.01297
    52/299     20.8G   0.02317   0.01372  0.001351   0.03824       302       640    0.9145    0.8779    0.9207    0.6511   0.03348   0.02616   0.01282
    53/299     20.8G   0.02314   0.01373  0.001315   0.03819       257       640      0.91    0.8755    0.9212    0.6518    0.0334   0.02605   0.01267
    54/299     20.8G   0.02311   0.01362  0.001309   0.03803       343       640    0.9006    0.8779    0.9198    0.6521   0.03341   0.02602   0.01266
    55/299     20.8G   0.02349   0.01382   0.00133   0.03864       221       640    0.9064    0.8723    0.9222    0.6545   0.03339   0.02611   0.01266
    56/299     20.8G   0.02316   0.01381  0.001349   0.03832       180       640    0.9081    0.8707    0.9234    0.6564   0.03325   0.02619   0.01277
    57/299     20.8G   0.02311   0.01372  0.001287   0.03811       172       640    0.9053    0.8771    0.9243    0.6589   0.03299   0.02612   0.01277
    58/299     20.8G   0.02295   0.01354  0.001332   0.03782       233       640    0.8999    0.8821    0.9248    0.6601   0.03296   0.02625   0.01261
    59/299     20.8G   0.02297    0.0137  0.001309   0.03798       253       640    0.9132    0.8716    0.9234    0.6602   0.03287    0.0264   0.01249
    60/299     20.8G   0.02296   0.01366  0.001279    0.0379       201       640    0.9046    0.8786    0.9233    0.6619   0.03288   0.02633   0.01259
    61/299     20.8G   0.02293   0.01369  0.001289   0.03791       207       640    0.9013    0.8819    0.9234    0.6614   0.03295   0.02636    0.0128
    62/299     20.8G   0.02288    0.0135   0.00128   0.03766       185       640    0.9023    0.8841    0.9226    0.6608   0.03292   0.02645   0.01289
    63/299     20.8G   0.02276   0.01356  0.001266   0.03759       217       640    0.9104     0.883    0.9249    0.6618   0.03286   0.02645   0.01282
    64/299     20.8G    0.0227   0.01343  0.001268   0.03741       272       640    0.9079    0.8829    0.9247    0.6629   0.03285   0.02639   0.01288
    65/299     20.8G   0.02277   0.01353  0.001253   0.03755       210       640     0.909    0.8821    0.9257    0.6643   0.03285   0.02634   0.01289
    66/299     20.8G   0.02265   0.01356  0.001274   0.03748       165       640    0.8964    0.8954    0.9259    0.6645   0.03279   0.02643   0.01293
    67/299     20.8G   0.02269   0.01357  0.001277   0.03753       237       640    0.8909    0.8991    0.9257    0.6639   0.03279   0.02651   0.01302
    68/299     20.8G   0.02276   0.01345  0.001286   0.03749       173       640    0.8922    0.8997    0.9265    0.6649   0.03274   0.02657   0.01303
    69/299     20.8G   0.02271   0.01354  0.001279   0.03753       182       640     0.904    0.8878    0.9256    0.6653    0.0327   0.02656     0.013
    70/299     20.8G   0.02258   0.01314  0.001263   0.03698       176       640    0.8999    0.8911     0.926    0.6656   0.03263   0.02659   0.01298
    71/299     20.8G   0.02264   0.01351  0.001253   0.03741       173       640    0.9002    0.8908    0.9256    0.6649   0.03256   0.02663   0.01296
    72/299     20.8G   0.02273   0.01335   0.00126   0.03734       176       640    0.9003    0.8902    0.9258    0.6655   0.03255   0.02667   0.01294
    73/299     20.8G    0.0225   0.01332  0.001224   0.03704       243       640    0.8951     0.896    0.9274    0.6658   0.03256   0.02671   0.01295
    74/299     20.8G   0.02232   0.01322  0.001242   0.03678       180       640    0.8986    0.8919    0.9274    0.6661   0.03254   0.02676   0.01293
    75/299     20.8G   0.02252   0.01341  0.001257   0.03719       191       640    0.9043    0.8887     0.928    0.6663   0.03253   0.02681   0.01291
    76/299     20.8G   0.02239   0.01326  0.001205   0.03686       276       640     0.892    0.8997    0.9278    0.6663    0.0325   0.02683   0.01294
    77/299     20.8G   0.02234   0.01323   0.00119   0.03677       192       640    0.8905    0.9009    0.9271    0.6667    0.0325   0.02685   0.01296
    78/299     20.8G   0.02233   0.01332  0.001202   0.03686       125       640    0.8931    0.8994    0.9274     0.667   0.03249   0.02688   0.01299
    79/299     20.8G   0.02252   0.01334  0.001232   0.03709       231       640    0.8895    0.9014    0.9267    0.6678   0.03247   0.02692   0.01299
    80/299     20.8G   0.02236   0.01326  0.001224   0.03684       299       640    0.8979    0.8924    0.9271    0.6678   0.03246   0.02694   0.01303
    81/299     20.8G   0.02247   0.01317  0.001302   0.03694       179       640       0.9    0.8909    0.9271    0.6683   0.03245   0.02696   0.01305
    82/299     20.8G   0.02229   0.01324   0.00118   0.03671       113       640    0.8959     0.895    0.9276    0.6684   0.03243   0.02698   0.01304
    83/299     20.8G   0.02227   0.01339  0.001219   0.03688       170       640    0.8914    0.9008    0.9272    0.6691   0.03242   0.02697   0.01304
    84/299     20.8G   0.02229    0.0132   0.00122   0.03671       228       640    0.8928    0.9008    0.9268    0.6684    0.0324     0.027   0.01304
    85/299     20.8G   0.02227   0.01332  0.001228   0.03681       208       640    0.8917    0.9028    0.9273    0.6685   0.03238   0.02703   0.01303
    86/299     20.8G   0.02237   0.01328  0.001232   0.03688       283       640    0.8909    0.9029    0.9268    0.6691   0.03236   0.02704   0.01303
    87/299     20.8G   0.02228   0.01317  0.001186   0.03664       148       640    0.8896    0.9038    0.9271     0.669   0.03236   0.02704   0.01304
    88/299     20.8G   0.02208    0.0133  0.001197   0.03658       216       640    0.8884    0.9061    0.9278    0.6691   0.03234   0.02705   0.01303
    89/299     20.8G   0.02214   0.01315  0.001198   0.03649       222       640    0.8902    0.9044    0.9273    0.6692   0.03234   0.02706   0.01303
    90/299     20.8G     0.022   0.01318  0.001177   0.03635       232       640    0.8908     0.904    0.9271    0.6692   0.03234   0.02707   0.01304
    91/299     20.8G   0.02206   0.01305  0.001184    0.0363       229       640    0.8935    0.9015    0.9278    0.6697   0.03235   0.02707   0.01306
    92/299     20.8G   0.02197   0.01313  0.001205   0.03631       182       640    0.8927    0.9028    0.9283    0.6697   0.03234   0.02709   0.01309
    93/299     20.8G   0.02211   0.01304  0.001196   0.03634       146       640    0.8927    0.9032    0.9284    0.6698   0.03233    0.0271   0.01309
    94/299     20.8G   0.02212   0.01304  0.001168   0.03633       123       640    0.8928    0.9033    0.9285    0.6701   0.03231   0.02714   0.01309
    95/299     20.8G    0.0219   0.01303  0.001212   0.03614       222       640    0.8924    0.9034    0.9285    0.6704   0.03229   0.02716   0.01309
    96/299     20.8G   0.02204   0.01299  0.001127   0.03616       190       640    0.8925    0.9037    0.9289    0.6709   0.03228   0.02716   0.01308
    97/299     20.8G   0.02193   0.01297  0.001177   0.03608       215       640    0.8945    0.9015    0.9292     0.671   0.03227   0.02717   0.01308
    98/299     20.8G   0.02176   0.01312  0.001127   0.03601       241       640    0.8948    0.9019    0.9293    0.6713   0.03226   0.02717   0.01306
    99/299     20.8G    0.0219   0.01295  0.001182   0.03603       148       640     0.894     0.903    0.9295    0.6714   0.03225   0.02717   0.01305
   100/299     20.8G   0.02185   0.01304  0.001159   0.03606       172       640    0.8947    0.9025    0.9294    0.6718   0.03223    0.0272   0.01304
   101/299     20.8G   0.02179   0.01315  0.001132   0.03608       272       640    0.8934    0.9037    0.9299    0.6724    0.0322   0.02721   0.01303
   102/299     20.8G   0.02176   0.01292  0.001176   0.03586       175       640    0.8952    0.9016    0.9299    0.6722   0.03219   0.02723   0.01304
   103/299     20.8G   0.02186   0.01293  0.001146   0.03593       219       640    0.8957    0.9016    0.9301    0.6724   0.03217   0.02723   0.01305
   104/299     20.8G   0.02169   0.01292  0.001122   0.03574       167       640    0.8954    0.9029    0.9298    0.6727   0.03216   0.02726   0.01306
   105/299     20.8G   0.02164   0.01299  0.001168    0.0358       235       640    0.8953    0.9028    0.9302    0.6725   0.03214   0.02727   0.01306
   106/299     20.8G   0.02158   0.01295  0.001134   0.03566       284       640    0.8956    0.9027    0.9304    0.6729   0.03212   0.02728   0.01307
   107/299     20.8G   0.02166   0.01285  0.001136   0.03565       238       640    0.8914    0.9067    0.9308     0.673   0.03211   0.02729   0.01308
   108/299     20.8G   0.02145   0.01284  0.001124   0.03541       287       640    0.8918     0.907    0.9311    0.6734    0.0321   0.02729   0.01308
   109/299     20.8G   0.02167    0.0128  0.001131    0.0356       272       640    0.8944    0.9043    0.9307    0.6737   0.03209    0.0273   0.01308
   110/299     20.8G   0.02158   0.01289   0.00116   0.03563       111       640    0.8922    0.9067    0.9306    0.6739   0.03207   0.02731   0.01308
   111/299     20.8G   0.02155   0.01289  0.001127   0.03557       225       640    0.8922    0.9069    0.9306    0.6741   0.03206   0.02732   0.01308
   112/299     20.8G   0.02158     0.013  0.001141   0.03572       260       640    0.8915    0.9073    0.9306    0.6742   0.03205   0.02734   0.01308
   113/299     20.8G   0.02148   0.01267  0.001112   0.03526       155       640    0.8925    0.9063    0.9306    0.6747   0.03203   0.02735   0.01308
   114/299     20.8G   0.02151   0.01278  0.001086   0.03537       174       640    0.8919    0.9069    0.9308    0.6746   0.03203   0.02737   0.01308
   115/299     20.8G   0.02145   0.01275  0.001145   0.03535       169       640    0.8921    0.9064    0.9308    0.6749   0.03202   0.02737   0.01308
   116/299     20.8G   0.02144   0.01279   0.00109   0.03532       133       640    0.8912    0.9071    0.9307     0.675     0.032   0.02738   0.01307
   117/299     20.8G   0.02147   0.01272  0.001104    0.0353       250       640    0.8965     0.902    0.9303     0.675     0.032   0.02739   0.01307
   118/299     20.8G    0.0216    0.0128  0.001137   0.03553       227       640     0.896    0.9029    0.9308     0.675   0.03198   0.02739   0.01307
   119/299     20.8G    0.0214    0.0126  0.001121   0.03512       120       640    0.8948    0.9043    0.9304     0.675   0.03197   0.02741   0.01307
   120/299     20.8G   0.02138   0.01273  0.001101   0.03521       170       640    0.8972    0.9022    0.9304    0.6755   0.03194   0.02743   0.01306
   121/299     20.8G   0.02136   0.01281  0.001127   0.03529       268       640    0.8967    0.9026      0.93    0.6754   0.03193   0.02745   0.01306
   122/299     20.8G   0.02145   0.01247  0.001111   0.03504       190       640    0.8963    0.9028    0.9303    0.6758   0.03192   0.02746   0.01305
   123/299     20.8G   0.02133   0.01264  0.001127   0.03509       122       640    0.8966    0.9032    0.9305    0.6752    0.0319   0.02748   0.01305
   124/299     20.8G   0.02137    0.0128  0.001104   0.03527       127       640    0.8973    0.9014    0.9302    0.6752   0.03188    0.0275   0.01304
   125/299     20.8G    0.0212   0.01262  0.001119   0.03494       245       640    0.8975    0.9007      0.93    0.6755   0.03186   0.02752   0.01303
   126/299     20.8G   0.02125   0.01255  0.001105    0.0349       161       640     0.896    0.9023    0.9302    0.6757   0.03185   0.02752   0.01304
   127/299     20.8G   0.02126   0.01259  0.001088   0.03493       232       640    0.8967    0.9024    0.9305    0.6758   0.03184   0.02754   0.01304
   128/299     20.8G   0.02121   0.01261  0.001052   0.03487       146       640    0.8965    0.9026    0.9307    0.6759   0.03182   0.02756   0.01304
   129/299     20.8G   0.02112   0.01249  0.001051   0.03466       215       640     0.897    0.9023    0.9308    0.6762   0.03181   0.02757   0.01302
   130/299     20.8G   0.02126   0.01273  0.001117   0.03511       182       640    0.8973    0.9023    0.9309    0.6762    0.0318   0.02759   0.01302
   131/299     20.8G   0.02109   0.01253  0.001096   0.03472       286       640    0.8972     0.903     0.931    0.6763   0.03179    0.0276   0.01301
   132/299     20.8G   0.02115   0.01266  0.001108   0.03492       211       640    0.8983    0.9018    0.9308    0.6764   0.03178   0.02762     0.013
   133/299     20.8G   0.02114   0.01248  0.001077   0.03469       325       640    0.8975    0.9028    0.9308    0.6764   0.03177   0.02764   0.01299
   134/299     20.8G   0.02106   0.01247  0.001083   0.03461       197       640    0.8983    0.9021    0.9311    0.6765   0.03177   0.02767   0.01299
   135/299     20.8G   0.02102   0.01254  0.001055   0.03462       227       640    0.8988    0.9019    0.9315    0.6766   0.03175   0.02769   0.01297
   136/299     20.8G   0.02097   0.01245  0.001024   0.03444       147       640    0.8989    0.9017    0.9313    0.6765   0.03174   0.02771   0.01297
   137/299     20.8G   0.02089   0.01237  0.001052   0.03431       204       640    0.8985    0.9016     0.931    0.6766   0.03172   0.02773   0.01298
   138/299     20.8G   0.02105   0.01247  0.001105   0.03463       183       640    0.8987    0.9018    0.9312    0.6766   0.03171   0.02776   0.01298
   139/299     20.8G    0.0209    0.0124  0.001048   0.03434       151       640    0.8993    0.9014    0.9311    0.6764    0.0317   0.02777   0.01297
   140/299     20.8G   0.02089   0.01242   0.00107   0.03438       128       640    0.8984     0.902    0.9309    0.6769   0.03169   0.02778   0.01297
   141/299     20.8G   0.02067   0.01238  0.001037   0.03409       118       640    0.8962    0.9043    0.9308     0.677   0.03168    0.0278   0.01296
   142/299     20.8G   0.02088   0.01255  0.001076    0.0345       277       640    0.8957    0.9057    0.9309    0.6773   0.03167   0.02782   0.01296
   143/299     20.8G   0.02104   0.01245   0.00109   0.03458       174       640    0.8957    0.9057    0.9309    0.6775   0.03167   0.02784   0.01297
   144/299     20.8G   0.02089   0.01235  0.001071   0.03432       171       640    0.8957    0.9058    0.9311    0.6777   0.03166   0.02786   0.01297
   145/299     20.8G   0.02091   0.01253  0.001091   0.03453       159       640    0.8954    0.9057    0.9309    0.6775   0.03165   0.02787   0.01296
   146/299     20.8G   0.02077   0.01228  0.001033   0.03409       208       640    0.8965    0.9044    0.9311    0.6779   0.03164   0.02787   0.01296
   147/299     20.8G    0.0208   0.01224  0.001087   0.03413       189       640    0.8953    0.9062    0.9311    0.6783   0.03163   0.02789   0.01295
   148/299     20.8G   0.02079    0.0123  0.001053   0.03414       144       640    0.8991    0.9023    0.9313    0.6783   0.03162   0.02791   0.01295
   149/299     20.8G   0.02077    0.0123  0.001068   0.03414       208       640    0.8978    0.9036    0.9312    0.6783   0.03161   0.02793   0.01295
   150/299     20.8G    0.0207   0.01242  0.001003   0.03412       228       640    0.8981    0.9039    0.9314    0.6781   0.03161   0.02795   0.01294
   151/299     20.8G   0.02068   0.01221  0.001033   0.03392       217       640    0.8982    0.9037    0.9313    0.6782    0.0316   0.02797   0.01293
   152/299     20.8G   0.02059   0.01227  0.001007   0.03387       306       640    0.8967    0.9052    0.9313    0.6783   0.03158   0.02799   0.01293
   153/299     20.8G   0.02047   0.01222 0.0009999   0.03369       187       640    0.8957    0.9063    0.9315    0.6786   0.03157     0.028   0.01291
   154/299     20.8G   0.02055   0.01228  0.001052   0.03388       190       640    0.8962    0.9061    0.9317    0.6786   0.03155   0.02803   0.01291
   155/299     20.8G   0.02053   0.01208 0.0009991   0.03361       146       640    0.9042    0.8991    0.9321    0.6783   0.03153   0.02805   0.01291
   156/299     20.8G   0.02058   0.01212  0.001017   0.03371       267       640     0.905    0.8983    0.9319    0.6782   0.03152   0.02807   0.01291
   157/299     20.8G   0.02039   0.01213  0.001002   0.03352       219       640    0.9039    0.8993    0.9318    0.6786    0.0315   0.02809   0.01291
   158/299     20.8G    0.0204   0.01218  0.001026    0.0336       218       640    0.9053    0.8978    0.9317    0.6782   0.03148   0.02812   0.01291
   159/299     20.8G   0.02044    0.0121  0.001011   0.03355       193       640    0.8979    0.9051    0.9318    0.6788   0.03147   0.02813   0.01291
   160/299     20.8G   0.02041   0.01201  0.001017   0.03344       175       640    0.8916    0.9122    0.9322    0.6791   0.03146   0.02816   0.01291
   161/299     20.8G   0.02034   0.01206 0.0009799   0.03338       251       640    0.8935      0.91    0.9318    0.6791   0.03145   0.02818   0.01291
   162/299     20.8G   0.02027   0.01206   0.00101   0.03335       221       640    0.8942    0.9097    0.9317    0.6794   0.03144   0.02818   0.01291
   163/299     20.8G   0.02027   0.01202 0.0009815   0.03327       143       640    0.9021    0.9024    0.9317    0.6793   0.03144   0.02821   0.01291
   164/299     20.8G   0.02028   0.01204 0.0009932   0.03332       240       640    0.9018    0.9028    0.9318    0.6795   0.03142   0.02823   0.01291
   165/299     20.8G   0.02035   0.01215 0.0009824   0.03348       185       640    0.9036    0.9019    0.9321    0.6797   0.03141   0.02824   0.01291
   166/299     20.8G   0.02028   0.01203  0.001012   0.03332       177       640     0.904     0.902    0.9327    0.6796   0.03141   0.02825   0.01291
   167/299     20.8G    0.0202   0.01204  0.001006   0.03324       229       640    0.8954    0.9101    0.9326    0.6795   0.03139   0.02827   0.01291
   168/299     20.8G    0.0201   0.01196  0.000995   0.03305       132       640    0.8921    0.9133    0.9325    0.6799   0.03137   0.02829   0.01291
   169/299     20.8G   0.02015    0.0119 0.0009878   0.03304       146       640    0.8941    0.9117    0.9321    0.6799   0.03137    0.0283   0.01292
   170/299     20.8G   0.02013   0.01194 0.0009775   0.03304       252       640    0.8921    0.9134     0.932    0.6801   0.03136   0.02833   0.01292
   171/299     20.8G   0.02017   0.01198 0.0009874   0.03314       166       640    0.8939    0.9119    0.9322    0.6803   0.03135   0.02834   0.01293
   172/299     20.8G   0.02013   0.01189 0.0009579   0.03298       163       640    0.8934    0.9123    0.9322    0.6806   0.03134   0.02837   0.01294
   173/299     20.8G   0.02004   0.01179 0.0009331   0.03276       171       640    0.8944    0.9121    0.9327    0.6808   0.03132   0.02839   0.01295
   174/299     20.8G   0.02006   0.01172 0.0009335   0.03271       304       640    0.9061     0.901    0.9328    0.6807   0.03131   0.02842   0.01296
   175/299     20.8G   0.02001   0.01176 0.0009812   0.03275       153       640    0.9059    0.9018    0.9331    0.6813   0.03129   0.02843   0.01297
   176/299     20.8G   0.01992   0.01184 0.0009524   0.03272       118       640    0.9053    0.9024    0.9332    0.6812   0.03128   0.02846   0.01297
   177/299     20.8G   0.02003   0.01184 0.0009623   0.03284       240       640    0.9084    0.8998    0.9332     0.681   0.03127   0.02848   0.01297
   178/299     20.8G   0.01996   0.01182 0.0009696   0.03275       177       640    0.9044    0.9039    0.9334    0.6815   0.03126    0.0285   0.01297
   179/299     20.8G   0.01982    0.0118 0.0009127   0.03254       232       640    0.9064    0.9021    0.9332    0.6815   0.03125   0.02852   0.01297
   180/299     20.8G   0.01984   0.01187 0.0009043   0.03262       154       640    0.9066    0.9013     0.933    0.6815   0.03124   0.02853   0.01298
   181/299     20.8G   0.01981   0.01158 0.0009328   0.03232       123       640    0.9086    0.8998    0.9333    0.6815   0.03124   0.02855   0.01298
   182/299     20.8G   0.01977   0.01162   0.00094   0.03233       185       640    0.9083    0.9002    0.9335    0.6814   0.03123   0.02856   0.01298
   183/299     20.8G   0.01976    0.0117 0.0009441    0.0324       163       640    0.9086    0.9002    0.9335    0.6818   0.03121   0.02858   0.01298
   184/299     20.8G   0.01977    0.0116 0.0009407   0.03231       156       640    0.9093    0.8992    0.9334    0.6821    0.0312    0.0286   0.01299
   185/299     20.8G   0.01973   0.01162 0.0009242   0.03228       171       640     0.909    0.9001    0.9335    0.6822   0.03119   0.02861     0.013
   186/299     20.8G   0.01972   0.01153 0.0009244   0.03217       239       640    0.8955    0.9131    0.9332    0.6823   0.03118   0.02863     0.013
   187/299     20.8G    0.0197   0.01162 0.0009458   0.03226       145       640    0.8938    0.9145    0.9332    0.6825   0.03116   0.02865     0.013
   188/299     20.8G   0.01966   0.01167 0.0009206   0.03225       147       640    0.9042     0.904    0.9329    0.6824   0.03115   0.02866   0.01301
   189/299     20.8G    0.0198   0.01178 0.0009546   0.03253       183       640    0.8945    0.9139    0.9325    0.6826   0.03113   0.02869   0.01301
   190/299     20.8G   0.01951   0.01154 0.0008974   0.03195       221       640    0.8949    0.9134    0.9329     0.683   0.03111   0.02871   0.01301
   191/299     20.8G   0.01955   0.01145 0.0009146   0.03191       186       640    0.9036    0.9055     0.933    0.6829   0.03109   0.02872     0.013
   192/299     20.8G    0.0196   0.01165 0.0009547   0.03221       114       640     0.909    0.9009    0.9333     0.683   0.03107   0.02875     0.013
   193/299     20.8G   0.01951   0.01156 0.0008896   0.03196       325       640    0.8911    0.9182    0.9333    0.6835   0.03106   0.02877   0.01301
   194/299     20.8G   0.01956   0.01154 0.0009064     0.032       180       640    0.8912    0.9182    0.9332    0.6836   0.03105   0.02878   0.01301
   195/299     20.8G   0.01948   0.01156 0.0009273   0.03197       183       640    0.8957    0.9136    0.9331    0.6837   0.03104   0.02879   0.01302
   196/299     20.8G   0.01953   0.01153 0.0009125   0.03197       196       640     0.896    0.9132    0.9334    0.6842   0.03103    0.0288   0.01302
   197/299     20.8G   0.01945   0.01157 0.0008935   0.03191       266       640    0.8929    0.9165    0.9336    0.6843   0.03103    0.0288   0.01302
   198/299     20.8G    0.0193   0.01145 0.0008734   0.03162       147       640    0.8929    0.9166    0.9339    0.6844   0.03102   0.02882   0.01302
   199/299     20.8G   0.01952   0.01139 0.0009328   0.03184       241       640    0.8934     0.917    0.9344    0.6849   0.03101   0.02883   0.01302
   200/299     20.8G   0.01937   0.01126 0.0009164   0.03154       120       640     0.911    0.9001    0.9342    0.6849     0.031   0.02883   0.01301
   201/299     20.8G   0.01928   0.01122 0.0008903   0.03139       183       640    0.8962    0.9149    0.9344    0.6849   0.03099   0.02885   0.01301
   202/299     20.8G   0.01932   0.01139 0.0008853   0.03159       164       640    0.8977    0.9137    0.9345     0.685   0.03098   0.02887   0.01301
   203/299     20.8G   0.01922   0.01131 0.0008711    0.0314       222       640    0.8992    0.9132     0.935    0.6852   0.03097   0.02888   0.01301
   204/299     20.8G   0.01921   0.01141 0.0008832    0.0315       289       640    0.8995    0.9132    0.9352    0.6852   0.03096    0.0289     0.013
   205/299     20.8G   0.01916   0.01137 0.0008525   0.03138       174       640    0.8998    0.9133    0.9351    0.6851   0.03094   0.02892     0.013
   206/299     20.8G   0.01915    0.0113  0.000907   0.03136       212       640    0.8993    0.9143    0.9351    0.6856   0.03093   0.02893     0.013
   207/299     20.8G   0.01921   0.01143 0.0008884   0.03152       258       640    0.8994    0.9143    0.9353    0.6858   0.03091   0.02894     0.013
   208/299     20.8G   0.01914    0.0113 0.0008842   0.03133       150       640    0.8999    0.9139    0.9351     0.686   0.03091   0.02896   0.01299
   209/299     20.8G   0.01913   0.01135 0.0008993   0.03138       261       640    0.9001    0.9147     0.935    0.6862    0.0309   0.02896   0.01298
   210/299     20.8G   0.01921   0.01123 0.0008752   0.03132       179       640    0.9011    0.9135     0.935    0.6864   0.03089   0.02899   0.01298
   211/299     20.8G   0.01907    0.0112 0.0008673   0.03115       229       640     0.901    0.9137    0.9349    0.6866   0.03088   0.02901   0.01298
   212/299     20.8G   0.01907   0.01133 0.0008346   0.03123       145       640    0.9011    0.9142    0.9351    0.6866   0.03087   0.02902   0.01299
   213/299     20.8G   0.01899   0.01134 0.0008752    0.0312       195       640    0.9018    0.9133    0.9352     0.687   0.03087   0.02904   0.01298
   214/299     20.8G   0.01909    0.0112 0.0008795   0.03118       204       640     0.901    0.9143    0.9352    0.6869   0.03085   0.02906   0.01297
   215/299     20.8G   0.01905   0.01119 0.0008832   0.03112       232       640    0.9026    0.9128    0.9352    0.6873   0.03083   0.02908   0.01297
   216/299     20.8G   0.01894   0.01129   0.00084   0.03107       208       640    0.9025    0.9126    0.9351    0.6874   0.03081    0.0291   0.01296
   217/299     20.8G   0.01885   0.01111 0.0008535   0.03081       202       640    0.9014     0.913    0.9349    0.6877   0.03079   0.02912   0.01296
   218/299     20.8G   0.01905   0.01118 0.0008755   0.03111       261       640    0.9026     0.912    0.9349    0.6874   0.03078   0.02915   0.01296
   219/299     20.8G   0.01889   0.01109 0.0008471   0.03083       137       640    0.9031    0.9115    0.9353    0.6875   0.03076   0.02917   0.01296
   220/299     20.8G   0.01884    0.0111 0.0008668   0.03081       245       640    0.9002     0.915    0.9353    0.6878   0.03074   0.02919   0.01295
   221/299     20.8G   0.01891    0.0111 0.0008671   0.03088       241       640    0.9011    0.9148    0.9351    0.6876   0.03072   0.02921   0.01295
   222/299     20.8G   0.01881   0.01099  0.000867   0.03067       227       640    0.9007    0.9158    0.9347    0.6876    0.0307   0.02924   0.01294
   223/299     20.8G   0.01864   0.01091 0.0008536    0.0304       239       640    0.9024    0.9148     0.935    0.6879   0.03069   0.02925   0.01295
   224/299     20.8G   0.01888   0.01107 0.0008552   0.03081       190       640    0.9027    0.9149    0.9349    0.6879   0.03068   0.02926   0.01294
   225/299     20.8G   0.01877   0.01111 0.0008611   0.03074       247       640    0.9033    0.9137    0.9347    0.6877   0.03067   0.02928   0.01294
   226/299     20.8G   0.01857   0.01103 0.0008074   0.03041       172       640    0.9035    0.9141    0.9354    0.6879   0.03065    0.0293   0.01294
   227/299     20.8G   0.01865   0.01093 0.0008151   0.03039       153       640    0.9027     0.915    0.9352    0.6882   0.03064   0.02932   0.01294
   228/299     20.8G   0.01847   0.01103  0.000819   0.03032       214       640    0.9011    0.9166    0.9354    0.6887   0.03062   0.02934   0.01293
   229/299     20.8G   0.01838   0.01084 0.0008223   0.03004       119       640    0.9014    0.9166    0.9356    0.6888   0.03061   0.02936   0.01292
   230/299     20.8G   0.01842   0.01082 0.0007993   0.03004       301       640    0.9041     0.914    0.9357     0.689   0.03059    0.0294   0.01292
   231/299     20.8G   0.01844   0.01088 0.0008086   0.03013       277       640     0.905    0.9132     0.936    0.6896   0.03057   0.02942   0.01292
   232/299     20.8G   0.01855   0.01097 0.0008232   0.03034       155       640    0.9045    0.9143    0.9358    0.6897   0.03055   0.02945   0.01292
   233/299     20.8G   0.01857   0.01082 0.0008373   0.03022       144       640    0.9056    0.9133    0.9364    0.6897   0.03054   0.02948   0.01293
   234/299     20.8G   0.01852   0.01092 0.0008189   0.03026       185       640    0.9069    0.9121     0.936    0.6903   0.03052    0.0295   0.01293
   235/299     20.8G   0.01838   0.01091 0.0008229   0.03011       242       640    0.9098      0.91    0.9361    0.6907   0.03051   0.02953   0.01293
   236/299     20.8G    0.0184    0.0108 0.0008301   0.03003       206       640     0.909    0.9117    0.9362    0.6911   0.03049   0.02956   0.01293
   237/299     20.8G   0.01829   0.01067 0.0008087   0.02977       138       640    0.9084     0.912    0.9362    0.6908   0.03048   0.02958   0.01292
   238/299     20.8G   0.01827    0.0108 0.0008051   0.02988       205       640    0.9088    0.9116    0.9362    0.6911   0.03046    0.0296   0.01292
   239/299     20.8G   0.01832   0.01079 0.0008027   0.02991       228       640    0.9088    0.9113    0.9361    0.6911   0.03045   0.02962   0.01292
   240/299     20.8G   0.01821   0.01073 0.0007801   0.02972       147       640    0.9083    0.9118    0.9366    0.6915   0.03044   0.02963   0.01292
   241/299     20.8G   0.01824   0.01072 0.0007924   0.02975       183       640    0.9054    0.9152    0.9368    0.6917   0.03042   0.02965   0.01291
   242/299     20.8G   0.01843    0.0108  0.000823   0.03006       356       640    0.9052    0.9152    0.9369    0.6921   0.03041   0.02965   0.01291
   243/299     20.8G   0.01826   0.01074 0.0008127   0.02982       216       640    0.9058    0.9147    0.9371    0.6921    0.0304   0.02968    0.0129
   244/299     20.8G   0.01823   0.01064 0.0008096   0.02968       233       640    0.9091    0.9119    0.9373    0.6922   0.03039    0.0297   0.01291
   245/299     20.8G   0.01818   0.01063 0.0007881   0.02959       170       640    0.9132    0.9081    0.9372    0.6927   0.03038   0.02973   0.01291
   246/299     20.8G    0.0181   0.01062 0.0007974   0.02952       119       640    0.9088    0.9123    0.9371     0.693   0.03037   0.02975   0.01291
   247/299     20.8G   0.01808   0.01059 0.0007849   0.02946       157       640    0.9079     0.914    0.9369     0.693   0.03037   0.02977   0.01292
   248/299     20.8G   0.01824   0.01077 0.0007868    0.0298       239       640     0.907    0.9151    0.9368    0.6931   0.03036   0.02978   0.01292
   249/299     20.8G   0.01807   0.01061 0.0007769   0.02946       197       640    0.9106    0.9117    0.9369    0.6932   0.03035   0.02981   0.01292
   250/299     20.8G   0.01806   0.01062 0.0007608   0.02945       268       640     0.911    0.9114    0.9367    0.6933   0.03035   0.02983   0.01293
   251/299     20.8G   0.01803   0.01055  0.000803   0.02938       254       640    0.9113    0.9109    0.9367    0.6931   0.03034   0.02985   0.01293
   252/299     20.8G   0.01803   0.01064  0.000774   0.02944       159       640    0.9186    0.9046    0.9367    0.6931   0.03032   0.02987   0.01294
   253/299     20.8G   0.01805   0.01054 0.0007835   0.02937       152       640    0.9188    0.9046    0.9369    0.6929   0.03031   0.02989   0.01295
   254/299     20.8G   0.01796   0.01049 0.0007845   0.02923       138       640    0.9193    0.9049    0.9371    0.6936   0.03031   0.02991   0.01296
   255/299     20.8G   0.01791    0.0104 0.0007391   0.02905       214       640    0.9189    0.9053    0.9371    0.6939    0.0303   0.02992   0.01295
   256/299     20.8G   0.01796    0.0106 0.0007751   0.02933       211       640     0.919    0.9052    0.9371    0.6942   0.03028   0.02994   0.01295
   257/299     20.8G   0.01783   0.01056 0.0007368   0.02914       162       640    0.9193    0.9054    0.9372    0.6942   0.03027   0.02996   0.01296
   258/299     20.8G   0.01793   0.01048 0.0007607   0.02916       175       640    0.9196    0.9051    0.9371    0.6944   0.03025   0.02997   0.01296
   259/299     20.8G   0.01777   0.01052 0.0007526   0.02905       162       640    0.9193    0.9052    0.9369    0.6945   0.03024      0.03   0.01296
   260/299     20.8G   0.01773    0.0105 0.0007467   0.02897       212       640    0.9188    0.9061    0.9371    0.6944   0.03023   0.03003   0.01296
   261/299     20.8G   0.01782    0.0104 0.0007608   0.02898       134       640    0.9192    0.9062    0.9369    0.6944   0.03021   0.03005   0.01296
   262/299     20.8G   0.01774   0.01032  0.000722   0.02878       232       640    0.9182    0.9066    0.9366    0.6944    0.0302   0.03007   0.01297
   263/299     20.8G   0.01779   0.01034 0.0007466   0.02888       230       640    0.9186    0.9061     0.937    0.6944   0.03019   0.03009   0.01298
   264/299     20.8G   0.01778   0.01044 0.0007481   0.02897       188       640    0.9152    0.9095    0.9372    0.6949   0.03017   0.03011   0.01298
   265/299     20.8G   0.01768   0.01047 0.0007373   0.02888       212       640    0.9149    0.9105     0.937    0.6949   0.03016   0.03013   0.01299
   266/299     20.8G   0.01762   0.01036 0.0007362   0.02872       241       640    0.9134     0.912    0.9372    0.6953   0.03015   0.03014   0.01299
   267/299     20.8G   0.01755   0.01032 0.0007329    0.0286       222       640    0.9138     0.912    0.9374    0.6955   0.03014   0.03017     0.013
   268/299     20.8G    0.0177   0.01035 0.0007422    0.0288       135       640    0.9141    0.9119    0.9374    0.6957   0.03013   0.03019   0.01301
   269/299     20.8G   0.01751   0.01028 0.0007311   0.02852       220       640    0.9136    0.9123    0.9371    0.6959   0.03013   0.03021   0.01302
   270/299     20.8G   0.01765   0.01025 0.0007445   0.02865       117       640    0.9137     0.912    0.9369    0.6959   0.03012   0.03021   0.01303
   271/299     20.8G   0.01762   0.01028 0.0007373   0.02864       258       640    0.9145    0.9112     0.937    0.6959   0.03011   0.03024   0.01304
   272/299     20.8G   0.01745   0.01024 0.0007229   0.02841       217       640    0.9141    0.9113    0.9369    0.6958    0.0301   0.03025   0.01304
   273/299     20.8G   0.01755   0.01028 0.0007573   0.02858       197       640    0.9143    0.9116    0.9369    0.6961    0.0301   0.03027   0.01305
   274/299     20.8G   0.01746   0.01022 0.0007079   0.02839       138       640    0.9145    0.9111    0.9368    0.6961   0.03009   0.03029   0.01306
   275/299     20.8G   0.01748   0.01023 0.0007481   0.02846        84       640    0.9145     0.911    0.9367    0.6963   0.03008   0.03032   0.01307
   276/299     20.8G    0.0175    0.0102 0.0007429   0.02844       225       640    0.9096    0.9156    0.9367    0.6964   0.03008   0.03034   0.01308
   277/299     20.8G   0.01745   0.01031 0.0007079   0.02847       133       640    0.9192    0.9062    0.9367    0.6967   0.03007   0.03035   0.01309
   278/299     20.8G   0.01731   0.01019  0.000705   0.02821       209       640    0.9199    0.9061     0.937     0.697   0.03007   0.03036    0.0131
   279/299     20.8G   0.01741   0.01025 0.0007146   0.02838       144       640    0.9204     0.906     0.937    0.6974   0.03006   0.03039   0.01311
   280/299     20.8G   0.01737   0.01039 0.0006828   0.02844       158       640    0.9209    0.9058    0.9368    0.6974   0.03006   0.03042   0.01312
   281/299     20.8G   0.01738   0.01036 0.0007289   0.02847       187       640     0.921    0.9059    0.9368     0.698   0.03005   0.03043   0.01313
   282/299     20.8G   0.01733   0.01013 0.0007154   0.02817       130       640    0.9217    0.9054    0.9366    0.6981   0.03004   0.03044   0.01314
   283/299     20.8G   0.01738   0.01011 0.0007114    0.0282       207       640    0.9216     0.906    0.9366     0.698   0.03003   0.03048   0.01315
   284/299     20.8G   0.01732   0.01011 0.0007044   0.02813       153       640    0.9215    0.9061    0.9367     0.698   0.03002    0.0305   0.01316
   285/299     20.8G   0.01732   0.01018 0.0006816   0.02818       144       640    0.9216    0.9061    0.9367    0.6981   0.03002   0.03052   0.01316
   286/299     20.8G   0.01741   0.01021 0.0007504   0.02838       159       640    0.9225    0.9062    0.9368    0.6983   0.03001   0.03055   0.01317
   287/299     20.8G   0.01728   0.01019 0.0007143   0.02819       219       640    0.9226    0.9063    0.9366    0.6983   0.02999   0.03057   0.01318
   288/299     20.8G   0.01739  0.009995 0.0007091    0.0281       242       640    0.9236    0.9051    0.9367    0.6984   0.02998    0.0306   0.01317
   289/299     20.8G   0.01719   0.01002 0.0006965   0.02791       240       640    0.9253    0.9039    0.9367    0.6988   0.02997   0.03062   0.01317
   290/299     20.8G   0.01724   0.01006  0.000709   0.02801       141       640    0.9249    0.9043    0.9368    0.6989   0.02996   0.03063   0.01317
   291/299     20.8G   0.01726  0.009979 0.0007051   0.02794       231       640    0.9253    0.9042    0.9369    0.6994   0.02994   0.03065   0.01317
   292/299     20.8G    0.0172   0.01006 0.0007009   0.02797       211       640    0.9239    0.9061    0.9372    0.6998   0.02993   0.03067   0.01317
   293/299     20.8G   0.01721  0.009975 0.0006841   0.02787       142       640    0.9245    0.9064    0.9373    0.6998   0.02991    0.0307   0.01317
   294/299     20.8G    0.0172   0.01016 0.0006925   0.02806       234       640    0.9246    0.9061    0.9374    0.6997    0.0299   0.03072   0.01318
   295/299     20.8G   0.01719   0.01018 0.0006877   0.02806       177       640     0.924    0.9066    0.9375    0.6999   0.02989   0.03075   0.01318
   296/299     20.8G   0.01719   0.01005 0.0006688   0.02791       201       640    0.9238     0.906    0.9375    0.7004   0.02988   0.03078   0.01318
   297/299     20.8G   0.01725   0.01005 0.0007066   0.02801       142       640    0.9265    0.9034    0.9374    0.7006   0.02986    0.0308   0.01318
   298/299     20.8G   0.01733   0.01006 0.0007132    0.0281       173       640    0.9262    0.9037    0.9378    0.7007   0.02985   0.03082   0.01318
   299/299     20.8G   0.01719   0.01008 0.0007161   0.02799       108       640    0.9282    0.9027    0.9383     0.701   0.02984   0.03083   0.01318
